v 0.512144 2.44531 0.0616986 0.456284
v 1.64632 0.982006 -0.06608 0.175494
v 0.687363 -0.390821 -0.0584159 0.175494
v 0.557081 -0.105811 -0.0392242 0.308869
v 0.699463 -1.30852 -0.0911156 0.164964
v 0.789191 -2.38294 -0.141155 0.175494
v 1.00233 -2.47186 -0.159097 0.175494
v 0.162243 -0.373792 -0.0246259 0.175494
v 0.293912 -0.114826 -0.0229655 0.29132
v 0.0751357 -2.27971 -0.0935079 0.150925
v -0.300977 1.37169 0.062663 0.175494
v -1.13881 0.510755 0.0915184 0.175494
v -0.160893 1.40112 0.0630998 0.196553
v 2.0796 0.418199 -0.104682 0.175494
v 0.681096 -2.32776 -0.134368 0.175494
v 0.11305 -1.28475 -0.056588 0.161454
v 0.510462 2.32916 0.0581775 0.1861
v 0.482326 1.96918 0.0414334 0.1457
v 0.458343 1.26123 0.0209907 0.584
v 0.456051 1.02061 0.0105106 0.491383
v 0.423143 0.074023 -0.0238504 0.491383
v -0.0110344 -2.33367 -0.0891352 0.196553
v -0.259747 -2.4309 -0.0771845 0.175494
v 0.476771 1.6166 0.0321453 0.189533
v 1.07493 1.41632 -0.016461 0.175494
v -0.710643 0.966378 0.0770907 0.175494
v 1.21612 1.40751 -0.0320438 0.175494
e 12 10
e 17 18
e 24 26
e 19 20
e 2 4
e 14 6
e 7 15
e 10 25
e 18 12
e 1 13
e 4 14
e 9 22
e 0 17
e 18 19
e 20 2
e 20 7
e 18 24
e 25 11
e 26 1
e 15 9
