v 0.736255 0.323314 -0.0808278 0.346807
v 0.382732 -0.151457 0.037865 0.642246
v -0.94397 -0.593981 0.148496 0.812962
v -2.82935 -4.92919 1.2323 0.12808
v -2.92896 -4.1993 1.04983 0.37978
v -1.51903 -5.41952 1.35488 0.546515
v -1.64701 -3.9753 0.993825 0.753653
v 0.85677 0.104456 -0.0261132 0.237801
v 2.06311 2.89975 -0.724936 0.219018
v 0.0106813 6.65081 -1.6627 0.209349
v -0.138112 5.54352 -1.38588 0.207267
v -0.709672 4.95463 -1.23866 0.728323
v -2.67567 3.49719 -0.874297 0.233775
v -2.75596 1.87873 -0.469681 0.358347
v -0.470393 2.77729 -0.550496 0.613834
v -0.960314 0.332751 -0.083187 0.719346
v -2.7147 6.9872 -1.7468 0.234168
v -2.22786 6.06826 -1.51707 0.253983
v -1.2335 5.75811 -1.43953 0.719099
v -2.3435 1.33642 -0.334104 0.213486
v -2.48182 1.07773 -0.269432 0.386961
v -1.27143 -0.945979 0.236496 0.5785
v -3.52547 -4.22625 1.05656 0.386805
v -3.54868 -4.92919 1.2323 0.12808
v -5.74401 -2.6243 0.656077 0.219957
v -6.01985 -2.79714 0.699286 0.12808
v -4.02762 -4.06495 1.01624 0.384374
v -4.44101 -4.558 1.1395 0.12808
v -3.95892 -3.77388 0.943472 0.191717
v -4.65482 -3.61699 0.90425 0.307948
v -5.53213 -3.5124 0.878101 0.120783
v -5.32825 -3.23453 0.808633 0.203331
v -4.86551 -3.31942 0.829855 0.397163
v -5.22767 -1.72333 0.430834 0.146165
v -2.20098 0.708477 -0.177118 0.640016
v -5.74462 -1.54658 0.386647 0.36826
v -5.7929 -0.974016 0.243505 0.382619
v -5.89849 0.089977 -0.0224934 0.2162
v -5.79058 -0.143639 0.0359105 0.365401
v -5.40944 -0.19323 0.0483083 0.174618
v -5.55909 0.354353 -0.0885875 0.226402
v -5.34414 -0.991775 0.247945 0.133613
v -6.66573 -0.331316 0.0828297 0.128127
v -6.29483 -0.381615 0.0743165 0.154735
v -6.33353 -2.13126 0.532816 0.104849
v -6.08818 -2.0514 0.509625 0.1338
v -5.10517 -4.09977 1.02494 0.120784
v -2.52331 2.01987 -0.504968 0.21344
v -1.38218 6.97217 -1.74304 0.565463
v -1.33085 4.30639 0.942263 0.447485
v -1.47633 5.77608 1.01214 0.237812
v -1.34088 7.08151 0.544172 0.113745
v -1.34598 -2.44354 0.506153 0.783308
v -2.13877 -2.2638 -0.710815 0.571031
v -2.73351 -1.29981 -1.77207 0.416282
v -3.2236 0.0560622 -2.71128 0.233763
v -0.259495 -1.52784 1.84193 0.571032
v 0.27054 0.0382072 2.32068 0.403918
v -5.68855 -1.85931 0.478366 0.37072
v -5.90525 -0.537704 0.151963 0.366214
v -5.41671 -2.93519 0.610235 0.401843
e 59 36
e 11 14
e 14 15
e 52 56
e 13 20
e 35 36
e 30 31
e 60 24
e 59 43
e 49 50
e 29 32
e 20 34
e 34 15
e 16 17
e 17 18
e 18 48
e 26 29
e 14 49
e 50 51
e 7 0
e 53 54
e 3 4
e 9 10
e 10 11
e 4 6
e 26 28
e 31 32
e 54 55
e 11 18
e 19 20
e 22 26
e 56 57
e 31 32
e 36 41
e 44 45
e 26 27
e 22 23
e 4 22
e 42 43
e 29 46
e 2 15
e 5 6
e 52 53
e 38 39
e 0 8
e 13 47
e 6 52
e 52 21
e 21 2
e 38 40
e 37 38
e 12 13
e 0 1
e 1 2
e 60 25
e 58 35
e 58 45
e 59 38
e 60 32
e 58 33
e 58 24
