v 0.633579 -1.07308 6.68169 0.33375
v 0.633579 4.87744 5.09441 0.28375
v -0.826421 -1.57915 -3.39694 0.50125
v 0.583579 0.399095 -7.01003 0.14625
v -0.291421 -0.534513 3.53173 0.58125
v 0.633579 0.764296 0.152204 0.6625
v 0.739829 5.74676 2.44578 0.285
v -1.58017 -1.93671 0.50472 0.39
v 1.83858 -2.01713 3.20937 0.59875
v 0.633579 -0.354155 7.20959 0.32375
v 0.633579 1.02152 -1.2134 0.72625
v 0.633579 0.698948 7.44294 0.3125
v 1.03983 2.5648 -5.44184 0.39
v 0.633579 -0.272132 -1.03762 1.41
v 0.751079 1.90441 -6.00113 0.35125
v 0.468579 0.764653 -5.11826 0.33
v 0.633579 5.70558 1.71066 0.1225
v 0.633579 -0.211999 2.62619 0.6625
v 2.09358 -1.57915 -3.39694 0.50125
v 1.42858 2.68589 -4.71887 0.43875
v 2.84733 -1.93671 0.50472 0.39
v 0.633579 2.26392 7.17506 0.3125
v 2.33608 1.07933 1.19015 0.6475
v -0.375171 3.07086 -4.06106 0.3
v 0.633579 -1.68966 5.89441 0.34375
v -0.315171 -0.340652 -0.84196 0.86125
v 0.633579 3.75944 6.32488 0.31625
v 0.861079 1.66412 -5.80508 0.5575
v 0.633579 5.70558 1.71066 0.1225
v -0.665171 6.22174 -5.12633 0.05625
v 1.02108 0.939173 -4.84506 0.30625
v 1.55858 -0.534513 3.53173 0.58125
v 0.516079 1.90441 -6.00113 0.35125
v 2.11733 3.85087 -4.10725 0.3
v 1.64233 3.07086 -4.06106 0.3
v 0.633579 -1.78653 4.90729 0.35125
v 1.31983 1.95548 -4.1991 0.42875
v 0.227329 2.5648 -5.44184 0.39
v 0.633579 -1.56759 3.90008 0.39
v -0.571421 -2.01713 3.20937 0.59875
v -1.06892 1.07933 1.19015 0.6475
v 1.93233 6.22174 -5.12633 0.05625
v -0.161421 2.68589 -4.71887 0.43875
v 1.75483 3.92259 -4.07295 0.3
v 0.798579 0.764653 -5.11826 0.33
v 0.636119 1.14765 -3.8887 0.625
v -0.850171 3.85087 -4.10725 0.3
v -0.487671 3.92259 -4.07295 0.3
v 0.527329 5.74676 2.44578 0.285
v 0.406079 1.66412 -5.80508 0.5575
v 0.683579 0.399095 -7.01003 0.14625
v 2.60733 -1.62375 -6.32516 0.29625
v 0.246079 0.939173 -4.84506 0.30625
v 0.534829 0.830428 -7.17336 0.29625
v 1.58233 -0.340652 -0.84196 0.86125
v 0.732329 0.830428 -7.17336 0.29625
v -1.34017 -1.62375 -6.32516 0.29625
v 0.633579 5.60428 3.45961 0.24375
v -0.0526707 1.95548 -4.1991 0.42875
v 0.633579 5.60428 3.45961 0.24375
v 0.658605 -0.616366 2.98873 1.00625
v 0.653151 -0.59163 3.19635 0.6475
v 0.626441 0.301417 -2.33528 0.97625
v 0.636011 2.04019 -4.54759 1.085
e 34 43
e 43 41
e 26 1
e 47 29
e 5 17
e 38 35
e 48 16
e 59 48
e 42 58
e 18 51
e 4 40
e 8 20
e 24 0
e 39 7
e 40 39
e 1 57
e 52 15
e 27 55
e 57 6
e 14 12
e 23 47
e 30 44
e 5 10
e 44 50
e 0 9
e 15 3
e 46 29
e 6 28
e 21 26
e 31 22
e 33 41
e 12 19
e 2 56
e 35 24
e 9 11
e 32 37
e 34 33
e 23 46
e 11 21
e 49 53
e 22 8
e 37 42
e 19 36
e 60 38
e 60 31
e 60 13
e 61 25
e 60 4
e 61 54
e 62 2
e 62 10
e 62 13
e 62 54
e 62 45
e 62 25
e 62 18
e 63 52
e 63 49
e 63 45
e 63 34
e 63 30
e 63 27
e 63 23
