v 0.158261 3.16646 0.757345 0.07
v 0.183805 3.02379 0.429984 0.35
v -0.101855 2.67897 0.960911 0.1
v 0.161727 2.00881 0.744399 0.15
v 0.142833 1.28724 0.959655 0.4
v 0.778096 1.91803 0.619065 0.2
v 0.607736 1.76351 0.632891 0.2
v -0.317144 1.78161 0.679642 0.2
v 0.0907401 0.110008 0.885755 0.2
v -0.419412 1.97708 0.77057 0.2
v -1.2185 1.67001 1.90034 0.15
v 0.412895 0.0138384 0.90416 0.2
v 0.260132 -4.08616 0.56452 0.1
v -0.261936 0.0898984 0.955717 0.2
v -1.65214 -1.20185 1.2181 0.15
v 0.347257 -1.89119 0.880049 0.15
v 0.270695 -3.1823 0.748102 0.1
v -1.16361 -2.0794 -0.0732161 0.1
v 0.432117 0.111547 0.974233 0.2
v -0.308158 0.201914 1.06048 0.2
v -0.233324 1.76484 2.49561 0.1
v -0.461731 -0.132501 0.973486 0.3
v 0.178006 2.31095 0.757652 0.2
v 0.450472 1.44867 0.600086 0.15
v -0.221536 1.50779 0.664671 0.15
v 0.381309 0.739028 1.00107 0.1
v 0.293323 -3.39069 0.344676 0.15
v -1.13844 -2.30457 -0.454981 0.15
v -0.97941 -2.46472 -0.850069 0.1
v -0.956297 -2.04708 -0.278883 0.15
v 2.13551 1.69971 0.731304 0.15
v 3.17749 1.84162 0.868626 0.1
v 0.393068 -0.314388 0.84569 0.325
v 0.262916 -3.70039 0.641132 0.15
v -1.36829 -1.4312 0.74245 0.225
v -0.289988 -0.123305 0.584379 0.3
v 0.40455 1.53555 1.24534 0.2
v -0.102083 1.5423 1.25898 0.2
v 0.329121 -2.15609 0.710748 0.225
v 0.0127631 1.90501 0.996387 0.1
v 0.321407 1.88239 0.936879 0.1
v 0.0190312 1.91514 0.971071 0.1
v -0.0203997 1.65514 1.19635 0.15
v 0.366314 1.62389 1.13942 0.15
v 0.402286 -1.02225 0.830967 0.3375
v 0.52082 1.41875 0.922119 0.2
v -0.236596 1.43886 0.940482 0.2
v -0.90448 -0.544698 1.09144 0.325
v -0.104267 0.605337 0.771007 0.15
v 0.151759 1.59029 2.56886 0.055296
v 0.376969 0.566141 0.748423 0.125
v -0.181185 1.27421 0.678733 0.1
v -0.0890988 1.74192 2.5857 0.1
v 0.392591 1.26078 0.651333 0.15
v 3.3612 1.7219 0.908184 0.13
v -0.12405 0.698348 0.950817 0.1
v 0.0657947 2.76531 0.921961 0.14
v -0.145635 2.6987 0.766538 0.14
v 0.329523 -0.184493 0.540968 0.3
v 1.31789 1.78784 0.718586 0.2
v -0.705702 1.78881 1.32704 0.175
v 0.190372 2.72918 0.591648 0.15
v 0.09154 0.19972 0.965632 0.3
v -0.202802 3.01048 0.921572 0.01
v 0.0800897 1.22486 2.96917 0.036864
v -0.0668745 1.73749 2.54778 0.06144
v 0.533176 1.63755 2.99749 0.027648
v 0.268851 1.46115 2.36339 0.058368
v 0.232253 1.58454 2.64759 0.039936
v 0.184993 1.41349 2.8361 0.04608
v 0.258142 1.56191 2.66721 0.070656
v 0.0998762 1.56923 2.45693 0.067584
v 0.374214 1.46758 2.92403 0.052224
v 0.407176 1.60488 2.84442 0.049152
v 0.12918 1.44917 2.70535 0.06144
v 0.31583 1.36668 3.03117 0.041472
v 0.265513 1.49066 2.79812 0.043008
v 0.335692 1.57596 2.74485 0.039936
v 0.055987 1.31406 2.83941 0.039936
v 0.41724 1.44665 2.95919 0.0384
v 0.471767 1.6128 2.92128 0.036864
v 0.0344082 1.38788 2.75707 0.06144
v -0.100444 1.72896 2.60278 0.055296
v 0.103439 1.1569 3.06119 0.027648
v 0.354771 1.45298 2.31687 0.036864
v -0.0832272 1.67172 2.59187 0.070656
v 0.490923 1.43387 3.03863 0.049152
v 0.354835 1.35121 3.08403 0.049152
v 0.527054 1.44083 3.09118 0.027648
v 0.394935 1.34138 3.14515 0.027648
v 0.0945174 1.18589 3.01973 0.043008
v 0.257666 1.38755 2.96237 0.052224
v 0.167546 1.52852 2.41719 0.044544
v 0.509416 1.61641 2.96427 0.04608
v -0.0968231 1.74713 2.56415 0.055296
v 0.181727 1.51506 2.71579 0.06144
v 0.0475083 1.37443 2.75726 0.049152
v 0.067921 1.27503 2.92379 0.043008
v 0.043499 1.64295 2.55751 0.055296
v 3.36184 1.78468 0.84996 0.0513216
v 3.90348 1.71107 0.84895 0.042768
v 3.74296 1.68943 0.87306 0.057024
v 3.7082 1.64442 0.777242 0.0456192
v 3.74641 1.75664 0.95709 0.057024
v 3.70721 1.80373 1.04046 0.0655776
v 3.31097 1.64532 1.06941 0.0627264
v 3.91746 1.83925 1.13047 0.0456192
v 3.99694 1.71175 1.01243 0.0484704
v 3.90637 1.60972 0.705129 0.0399168
v 4.00526 1.67051 0.854081 0.0484704
v 4.0652 1.87014 1.20241 0.042768
v 3.63863 1.80637 1.02394 0.0484704
v 3.31612 1.51792 1.24301 0.0541728
v 4.10788 1.88862 1.21248 0.0256608
v 4.14609 1.67453 1.04933 0.0456192
v 4.20108 1.68037 1.04837 0.0256608
v 4.13774 1.64871 0.846482 0.0456192
v 4.18991 1.6573 0.828726 0.0256608
v 4.04771 1.56899 0.668442 0.0399168
v 4.09176 1.575 0.65786 0.0256608
v 3.31308 1.48825 1.2936 0.0342144
v 3.38874 1.72823 0.89078 0.0655776
v 3.37469 1.78913 0.844715 0.0513216
v 3.70296 1.66462 0.75829 0.057024
v 3.35756 1.78312 0.934434 0.057024
v 4.04199 1.69362 1.02934 0.03564
v 3.96908 1.8457 1.16326 0.0342144
v 3.81535 1.62853 0.730183 0.0370656
v 3.96593 1.584 0.700394 0.0342144
v 3.82013 1.82134 1.09328 0.0370656
v 4.03612 1.65721 0.853341 0.0384912
v 3.89634 1.72387 0.992139 0.0399168
v 3.30315 1.57796 1.16969 0.0413424
v 3.41729 1.73605 0.97999 0.0484704
v -0.0327893 3.16536 0.736668 0.08
v -0.115047 3.1243 0.662026 0.08
v -0.143094 3.02728 0.478604 0.07
e 131 107
e 109 130
e 121 123
e 116 117
e 108 128
e 118 119
e 100 109
e 112 120
e 67 84
e 125 114
e 99 121
e 105 124
e 121 122
e 127 108
e 129 106
e 132 112
e 126 110
e 130 116
e 128 118
e 111 133
e 99 101
e 99 102
e 99 103
e 99 104
e 99 105
e 104 129
e 103 131
e 102 127
e 101 100
e 106 126
e 105 111
e 105 132
e 110 113
e 107 125
e 114 115
e 98 49
e 73 80
e 94 74
e 71 68
e 94 96
e 94 95
e 94 70
e 96 78
e 95 76
e 70 77
e 74 69
e 94 71
e 72 79
e 97 64
e 91 75
e 78 97
e 71 65
e 86 88
e 76 72
e 69 91
e 93 66
e 71 92
e 79 86
e 75 87
e 85 81
e 64 90
e 85 82
e 87 89
e 94 85
e 77 73
e 136 135
e 92 67
e 80 93
e 90 83
e 8 13
e 13 21
e 11 32
e 15 38
e 14 34
e 13 19
e 22 3
e 32 44
e 34 17
e 16 26
e 21 47
e 6 23
e 7 24
e 6 36
e 7 37
e 38 16
e 33 12
e 30 31
e 16 33
e 17 27
e 27 28
e 17 29
e 5 59
e 10 20
e 9 39
e 5 40
e 39 41
e 31 54
e 39 42
e 40 43
e 59 30
e 60 10
e 1 57
e 25 45
e 44 15
e 1 56
e 8 58
e 8 35
e 50 53
e 47 14
e 18 25
e 19 55
e 55 46
e 20 52
e 6 5
e 1 2
e 3 6
e 1 61
e 3 4
e 3 7
e 4 8
e 11 18
e 7 9
e 9 60
e 8 11
e 58 50
e 35 48
e 48 51
e 8 62
e 61 22
e 1 63
e 134 0
