v -0.906573 1.43629 1.80484 1
v -0.614573 2.46129 -0.479163 1
v -0.033573 -4.88671 1.49984 0.531
v -1.15757 -5.34071 4.15784 0.089
v -0.033573 -2.59471 -8.74416 0.59
v -1.20857 1.04729 3.95184 0.578
v -0.033573 0.654289 -7.98116 0.163
v -0.0277176 -1.80183 -9.27603 1.046
v -0.0366231 -2.10058 -6.24225 0.656
v -0.0207882 -2.43458 -7.54438 0.59
v -1.03657 2.82829 11.2208 0.369
v -1.05557 2.05829 8.10384 0.409
v -0.033573 -3.99071 -0.618163 0.531
v -0.0337737 -0.903303 -8.99557 0.786
v -0.0306366 -0.17024 -8.81756 0.474
v -0.620573 2.50129 0.701837 1
v 1.28543 -0.0627105 6.28584 0.335
v -0.690573 -5.63771 3.81284 0.08
v -0.899573 -3.80771 3.68184 1
v -0.707573 -4.88171 2.03084 0.54
v -0.198573 -5.17671 3.86284 0.122
v -1.00357 -1.41871 3.76084 1
v 0.576427 4.09029 2.34784 0.345
v 1.06543 0.608289 4.11984 0.478
v 0.643427 4.71329 2.89884 0.335
v 0.612427 4.55029 2.42784 0.562
v -1.06757 1.97629 7.49784 0.573
v -0.202573 -5.85771 3.71384 0.089
v 0.031427 -6.61471 4.80284 0.089
v -0.309573 -6.57571 4.76984 0.052
v -0.226573 -5.93271 3.67484 0.089
v 1.89843 -6.19971 4.73984 0.08
v -0.841573 0.211289 3.09084 1.1
v 0.747427 -5.81471 3.35684 0.15
v 0.697427 -2.85671 0.481837 1.457
v 1.45743 -3.92171 1.81684 1.486
v -1.14657 -6.89471 5.06384 0.08
v 1.93543 -5.98871 5.31784 0.106
v -2.56357 -5.78271 5.37684 0.065
v 0.640427 -4.88171 2.03084 0.54
v 0.839427 1.43629 1.80484 1
v 0.218427 5.03929 11.0368 0.143
v -0.819573 5.17329 11.0618 0.176
v -1.98257 5.10729 11.1058 0.155
v 0.333427 1.86629 6.07084 0.128
v 0.199427 -5.26771 4.72384 0.109
v 0.717427 -5.02071 4.82484 0.109
v 1.04443 -5.24271 3.13584 0.222
v -1.65257 -6.45571 5.45884 0.058
v 2.05343 1.82829 5.86384 0.144
v -0.03476 0.561953 -2.43313 1
v 1.40043 -1.41871 1.03184 2.039
v -0.033573 -2.41871 -2.20616 0.59
v -0.0323964 2.16048 -1.8881 1
v -0.033573 2.80229 -3.48516 0.873
v -0.03992 2.54586 -4.99579 0.786
v -0.033573 1.03929 -5.56616 0.656
v -0.033573 -0.345711 -5.51216 0.656
v 0.473427 -6.39571 5.43084 0.089
v -0.615573 -6.12171 4.85284 0.089
v -0.033573 -1.04771 -2.62016 0.729
v 0.588427 -1.41871 -0.959163 1.457
v 1.17543 2.05829 5.87684 0.13
v -0.00757303 -5.63471 3.35984 0.072
v 1.35443 -6.65071 5.86084 0.08
v -1.08557 1.77029 6.96684 0.43
v 1.18943 -5.83071 4.06484 0.167
v 0.454427 -5.73871 3.00684 0.109
v -0.322573 -5.15471 4.40784 0.135
v 0.936427 -1.41871 3.76084 1
v 0.547427 2.46129 -0.479163 1
v 0.832427 -3.80771 3.68184 1
v 0.774427 0.211289 3.09084 1.1
v -1.11157 -5.24271 3.13584 0.222
v -1.25657 -5.83071 4.06484 0.167
v -0.764573 -2.85671 0.481837 1.457
v -1.52457 -3.92171 1.81684 1.486
v -1.46757 -1.41871 1.03184 2.039
v -0.655573 -1.41871 -0.959163 1.457
v 0.553427 2.50129 0.701837 1
v -0.0283268 -5.13871 2.76772 0.409
v -0.0729124 0.968688 -0.00718096 2.122
e 80 18
e 80 19
e 75 78
e 74 38
e 32 0
e 12 2
e 77 76
e 11 10
e 53 54
e 10 41
e 30 29
e 16 49
e 10 42
e 14 6
e 23 22
e 69 72
e 8 9
e 55 56
e 65 26
e 40 79
e 7 13
e 74 36
e 74 59
e 54 55
e 5 65
e 72 40
e 66 31
e 32 5
e 50 53
e 24 16
e 19 74
e 73 20
e 34 61
e 13 14
e 71 69
e 4 7
e 74 48
e 47 45
e 25 24
e 21 32
e 47 46
e 10 43
e 9 4
e 57 8
e 60 52
e 80 2
e 22 25
e 56 57
e 50 60
e 79 70
e 52 12
e 16 44
e 27 30
e 66 58
e 51 35
e 0 15
e 18 21
e 16 62
e 72 23
e 39 66
e 33 28
e 66 37
e 77 75
e 66 64
e 26 11
e 15 1
e 80 67
e 73 68
e 73 3
e 47 63
e 51 34
e 80 47
e 80 39
e 80 71
e 81 1
e 81 70
e 81 51
e 80 73
e 80 33
e 80 27
e 81 77
e 80 17
