v -1.9675 -2.06095 -2.18722 0.1195
v 1.573 -1.54845 0.252283 0.1205
v 0.958504 -0.395449 1.31928 0.2755
v -1.994 -1.46595 1.07528 0.097
v -1.035 -1.40195 1.73778 0.24
v -1.425 -0.412949 -1.27272 0.2025
v 0.683504 0.0805512 -0.432717 0.387
v 2.3785 -1.01895 0.751283 0.213
v -1.017 -0.814449 1.56928 0.2225
v 1.5175 0.174051 -0.232717 0.331
v 2.385 -0.388449 -0.0177169 0.215
v 3.387 -1.04545 -0.874217 0.185
v 1.4415 -1.85845 1.79228 0.139
v 1.8135 -1.31395 -1.55522 0.1215
v 1.9955 -0.592949 -1.65472 0.1845
v 0.549004 1.25105 -0.884217 0.331
v 2.3745 -1.21395 -1.94572 0.1575
v 1.9945 0.0790512 -0.0127169 0.2705
v 2.0345 -1.54845 -2.16972 0.139
v 2.501 -1.54845 -1.38622 0.185
v 3.406 -1.54845 -0.976217 0.185
v 2.877 -0.947949 -0.731217 0.2075
v -1.0885 -1.07845 0.122783 0.103
v -0.697496 0.0155512 0.205283 0.379
v -2.0855 -0.356449 0.662283 0.2355
v -2.1385 -1.66595 0.568783 0.161
v -1.211 -0.670949 0.174283 0.087
v -1.3075 -1.35095 0.198783 0.122
v 0.487504 -0.116449 0.834283 0.3905
v -1.852 -1.68445 0.338783 0.1445
v 0.465004 -0.0634488 -1.49522 0.136
v 0.611504 0.140551 -0.998217 0.2075
v 2.433 -0.702449 -0.425717 0.256
v 3.03 -1.85445 -1.28772 0.185
v 1.871 -1.72695 1.30178 0.112
v -1.392 0.0595512 0.494783 0.294
v 1.9625 -2.06095 -2.18722 0.1195
v -1.578 -1.54845 0.252283 0.1205
v -0.963496 -0.395449 1.31928 0.2755
v 1.989 -1.46595 1.07528 0.097
v 1.03 -1.40195 1.73778 0.24
v 1.42 -0.412949 -1.27272 0.2025
v -0.688496 0.0805512 -0.432717 0.387
v -2.3835 -1.01895 0.751283 0.213
v 1.012 -0.814449 1.56928 0.2225
v -1.5225 0.174051 -0.232717 0.331
v -2.39 -0.388449 -0.0177169 0.215
v -3.392 -1.04545 -0.874217 0.185
v -1.4465 -1.85845 1.79228 0.139
v -1.8185 -1.31395 -1.55522 0.1215
v -2.0005 -0.592949 -1.65472 0.1845
v -0.553996 1.25105 -0.884217 0.331
v -2.3795 -1.21395 -1.94572 0.1575
v -1.9995 0.0790512 -0.0127169 0.2705
v -2.0395 -1.54845 -2.16972 0.139
v -2.506 -1.54845 -1.38622 0.185
v -3.411 -1.54845 -0.976217 0.185
v -2.882 -0.947949 -0.731217 0.2075
v 1.0835 -1.07845 0.122783 0.103
v 0.692504 0.0155512 0.205283 0.379
v 2.0805 -0.356449 0.662283 0.2355
v 2.1335 -1.66595 0.568783 0.161
v 1.206 -0.670949 0.174283 0.087
v 1.3025 -1.35095 0.198783 0.122
v -0.492496 -0.116449 0.834283 0.3905
v 1.847 -1.68445 0.338783 0.1445
v -0.469996 -0.0634488 -1.49522 0.136
v -0.616496 0.140551 -0.998217 0.2075
v -2.438 -0.702449 -0.425717 0.256
v -3.035 -1.85445 -1.28772 0.185
v -1.876 -1.72695 1.30178 0.112
v 1.387 0.0595512 0.494783 0.294
v 0.0160767 0.697986 0.862669 0.623
v -0.00829771 0.428765 -0.377623 0.5355
v 0.0141698 0.109049 -0.312637 0.25
e 7 61
e 25 29
e 65 1
e 61 65
e 20 33
e 8 4
e 68 57
e 29 37
e 33 19
e 28 2
e 32 21
e 4 48
e 10 32
e 19 13
e 17 10
e 69 55
e 9 17
e 63 58
e 2 44
e 50 52
e 27 22
e 38 8
e 42 5
e 34 39
e 67 66
e 43 25
e 6 9
e 5 50
e 54 0
e 58 62
e 35 24
e 57 47
e 11 20
e 31 30
e 71 60
e 45 53
e 46 68
e 70 3
e 1 63
e 56 69
e 23 35
e 12 34
e 74 23
e 74 42
e 74 28
e 74 64
e 74 59
e 74 72
e 74 6
e 42 45
e 41 14
e 72 51
e 24 43
e 55 49
e 73 67
e 6 41
e 72 15
e 64 38
e 48 70
e 60 7
e 22 26
e 52 54
e 59 71
e 40 12
e 44 40
e 53 46
e 16 18
e 14 16
e 37 27
e 47 56
e 18 36
e 73 15
e 73 51
e 73 31
e 21 11
